WARN: Cannot extract OpenMP vendor from executable or commandline, assuming no OpenMP
energy_totals[0]: 6016204800.000000
energy_totals[1]: 24064819200.000000
energy_totals[2]: 6016204800.000000
energy_totals[3]: 24064819200.000000
energy_totals[4]: 6016204800.000000
energy_totals[5]: 24064819200.000000
energy_totals[6]: 6016204800.000000
energy_totals[7]: 24064819200.000000
energy_totals[8]: 6016204800.000000
energy_totals[9]: 24064819200.000000
energy_totals[10]: 6016204800.000000
energy_totals[11]: 24064819200.000000
energy_totals[12]: 6016204800.000000
energy_totals[13]: 24064819200.000000
energy_totals[14]: 6016204800.000000
energy_totals[15]: 24064819200.000000
energy_totals[16]: 6016204800.000000
energy_totals[17]: 24064819200.000000
energy_totals[18]: 6016204800.000000
energy_totals[19]: 24064819200.000000
energy_totals[20]: 6016204800.000000
energy_totals[21]: 24064819200.000000
energy_totals[22]: 6016204800.000000
energy_totals[23]: 24064819200.000000
energy_totals[24]: 6016204800.000000
energy_totals[25]: 24064819200.000000
energy_totals[26]: 6016204800.000000
energy_totals[27]: 24064819200.000000
energy_totals[28]: 6016204800.000000
energy_totals[29]: 24064819200.000000
energy_totals[30]: 6016204800.000000
energy_totals[31]: 24064819200.000000
energy_totals[32]: 6016204800.000000
energy_totals[33]: 24064819200.000000
energy_totals[34]: 6016204800.000000
energy_totals[35]: 24064819200.000000
energy_totals[36]: 6016204800.000000
energy_totals[37]: 24064819200.000000
energy_totals[38]: 6016204800.000000
energy_totals[39]: 24064819200.000000
energy_totals[40]: 6016204800.000000
energy_totals[41]: 24064819200.000000
energy_totals[42]: 6016204800.000000
energy_totals[43]: 24064819200.000000
energy_totals[44]: 6016204800.000000
energy_totals[45]: 24064819200.000000
energy_totals[46]: 6016204800.000000
energy_totals[47]: 24064819200.000000
energy_totals[48]: 6016204800.000000
energy_totals[49]: 24064819200.000000
energy_totals[50]: 6016204800.000000
energy_totals[51]: 24064819200.000000
energy_totals[52]: 6016204800.000000
energy_totals[53]: 24064819200.000000
energy_totals[54]: 6016204800.000000
energy_totals[55]: 24064819200.000000
energy_totals[56]: 6016204800.000000
energy_totals[57]: 24064819200.000000
energy_totals[58]: 6016204800.000000
energy_totals[59]: 24064819200.000000
energy_totals[60]: 6016204800.000000
energy_totals[61]: 24064819200.000000
energy_totals[62]: 6016204800.000000
energy_totals[63]: 24064819200.000000
Filter script /home/hpc/unrz/unrz139/.modules/likwid-saprap/share/likwid/filter/csv not available. Output file /home/vault/ihpc/ihpc040h/SPEChpc2021/521.miniswp_t/.output_1654732_0_f2264.csv in CSV format.
Group: 1
+-----------------------+---------+-----------------+
|         Event         | Counter |    f2264:0:0    |
+-----------------------+---------+-----------------+
|  Runtime (RDTSC) [s]  |   TSC   |        13045.13 |
|   INSTR_RETIRED_ANY   |  FIXC0  |  86486591360864 |
| CPU_CLK_UNHALTED_CORE |  FIXC1  |  26023316542000 |
|  CPU_CLK_UNHALTED_REF |  FIXC2  |  26021904072720 |
|     TOPDOWN_SLOTS     |  FIXC3  | 156139899252000 |
|    L1D_REPLACEMENT    |   PMC0  |    399560447664 |
+-----------------------+---------+-----------------+

+-------------------------------+------------+
|             Metric            |  f2264:0:0 |
+-------------------------------+------------+
|      Runtime (RDTSC) [s]      | 13045.1300 |
|      Runtime unhalted [s]     | 13011.8490 |
|          Clock [MHz]          |  2000.0792 |
|              CPI              |     0.3009 |
| L2D load bandwidth [MBytes/s] |  1960.2617 |
| L2D load data volume [GBytes] | 25571.8687 |
+-------------------------------+------------+

