WARN: Cannot extract OpenMP vendor from executable or commandline, assuming no OpenMP
energy_totals[0]: 6016204800.000000
energy_totals[1]: 24064819200.000000
energy_totals[2]: 6016204800.000000
energy_totals[3]: 24064819200.000000
energy_totals[4]: 6016204800.000000
energy_totals[5]: 24064819200.000000
energy_totals[6]: 6016204800.000000
energy_totals[7]: 24064819200.000000
energy_totals[8]: 6016204800.000000
energy_totals[9]: 24064819200.000000
energy_totals[10]: 6016204800.000000
energy_totals[11]: 24064819200.000000
energy_totals[12]: 6016204800.000000
energy_totals[13]: 24064819200.000000
energy_totals[14]: 6016204800.000000
energy_totals[15]: 24064819200.000000
energy_totals[16]: 6016204800.000000
energy_totals[17]: 24064819200.000000
energy_totals[18]: 6016204800.000000
energy_totals[19]: 24064819200.000000
energy_totals[20]: 6016204800.000000
energy_totals[21]: 24064819200.000000
energy_totals[22]: 6016204800.000000
energy_totals[23]: 24064819200.000000
energy_totals[24]: 6016204800.000000
energy_totals[25]: 24064819200.000000
energy_totals[26]: 6016204800.000000
energy_totals[27]: 24064819200.000000
energy_totals[28]: 6016204800.000000
energy_totals[29]: 24064819200.000000
energy_totals[30]: 6016204800.000000
energy_totals[31]: 24064819200.000000
energy_totals[32]: 6016204800.000000
energy_totals[33]: 24064819200.000000
energy_totals[34]: 6016204800.000000
energy_totals[35]: 24064819200.000000
energy_totals[36]: 6016204800.000000
energy_totals[37]: 24064819200.000000
energy_totals[38]: 6016204800.000000
energy_totals[39]: 24064819200.000000
energy_totals[40]: 6016204800.000000
energy_totals[41]: 24064819200.000000
energy_totals[42]: 6016204800.000000
energy_totals[43]: 24064819200.000000
energy_totals[44]: 6016204800.000000
energy_totals[45]: 24064819200.000000
energy_totals[46]: 6016204800.000000
energy_totals[47]: 24064819200.000000
energy_totals[48]: 6016204800.000000
energy_totals[49]: 24064819200.000000
energy_totals[50]: 6016204800.000000
energy_totals[51]: 24064819200.000000
energy_totals[52]: 6016204800.000000
energy_totals[53]: 24064819200.000000
energy_totals[54]: 6016204800.000000
energy_totals[55]: 24064819200.000000
energy_totals[56]: 6016204800.000000
energy_totals[57]: 24064819200.000000
energy_totals[58]: 6016204800.000000
energy_totals[59]: 24064819200.000000
energy_totals[60]: 6016204800.000000
energy_totals[61]: 24064819200.000000
energy_totals[62]: 6016204800.000000
energy_totals[63]: 24064819200.000000
Group: 1
+-----------------------+---------+-----------------+
|         Event         | Counter |    f1251:0:0    |
+-----------------------+---------+-----------------+
|  Runtime (RDTSC) [s]  |   TSC   |        15110.28 |
|   INSTR_RETIRED_ANY   |  FIXC0  |  86503942243719 |
| CPU_CLK_UNHALTED_CORE |  FIXC1  |  36054712692197 |
|  CPU_CLK_UNHALTED_REF |  FIXC2  |  36054666802848 |
|     TOPDOWN_SLOTS     |  FIXC3  | 180273563460985 |
|    L1D_REPLACEMENT    |   PMC0  |    399993639981 |
|    L2_TRANS_L1D_WB    |   PMC1  |    503695714336 |
| ICACHE_64B_IFTAG_MISS |   PMC2  |       138878308 |
+-----------------------+---------+-----------------+

+--------------------------------+------------+
|             Metric             |  f1251:0:0 |
+--------------------------------+------------+
|       Runtime (RDTSC) [s]      | 15110.2800 |
|      Runtime unhalted [s]      | 15058.4043 |
|           Clock [MHz]          |  2394.3280 |
|               CPI              |     0.4168 |
|  L2D load bandwidth [MBytes/s] |  1694.1839 |
|  L2D load data volume [GBytes] | 25599.5930 |
| L2D evict bandwidth [MBytes/s] |  2133.4168 |
| L2D evict data volume [GBytes] | 32236.5257 |
|     L2 bandwidth [MBytes/s]    |  3828.1889 |
|     L2 data volume [GBytes]    | 57845.0069 |
+--------------------------------+------------+

